8
1 0 4 52.4928986666667 386.440146167629 0.669305434259719 19.5746715134452
1 1 4 57.447517666666 367.455569778816 0.636134716063713 14.4471886450253
2 0 4 64.1962713333333 348.865654372279 0.597333093004891 0.008123363395511
2 1 4 74.199591 336.98722709531 0.595533128121171 0.008011086163202
3 0 4 43.9478426666667 416.608190445414 0.384251049186033 3.68293835147292
3 1 4 51.316823 411.159280997702 0.387984034016337 2.75562185397927
4 0 4 46.0532916666667 460.285603638486 0.444808852725733 12.0675418946247
4 1 4 59.7610633333333 426.814395603925 0.501477276662388 9.43007201564398
5 0 4 59.2069853333333 354.973395265522 0.615917100868617 5.32466001086355
5 1 4 61.4093913333333 360.18987768603 0.619101476950647 4.68740543120022
6 0 4 46.962256 367.569425285217 0.992851981500324 20.8893134017098
6 1 4 53.110745 359.913805008199 0.946869764907606 16.5830231938778
7 0 4 47.4006583333333 490.815468367305 0.396558346737055 13.0830376975569
7 1 4 52.600489 496.846123826672 0.400278544518559 10.2788061778574
8 0 4 107.547821 381.081779632373 4.46253026704234 254.907728750744
8 1 4 81.4371526666667 364.787180224479 3.67054684378048 180.381845727253
